Ratio                   N_Variance              N_Variance2             N1                      N2                      F                       S_Ent                   S_Ent2                  O_DW                   
0.0050118723362727      0.0141751857637874      0.0141751857650092      0.9999999999999849      0.9999999999999382      0.1735033070260302      0.0086721507300842      0.0031600367535120      0.0000669646063170     
0.0063095734448019      0.0178451163043244      0.0178451163064024      0.9999999999999644      0.9999999999998707      0.1753251796372626      0.0131071478004077      0.0047970262304501      0.0001061141606185     
0.0079432823472428      0.0224649109968107      0.0224649109970479      0.9999999999999865      0.9999999999999974      0.1776501183378937      0.0197613967029775      0.0072681400260146      0.0001681355612490     
0.0100000000000000      0.0282801614617255      0.0282801614618197      0.9999999999999369      1.0000000000001654      0.1806278532443676      0.0297110014905065      0.0109894555403241      0.0002663667729612     
0.0125892541179417      0.0355997413256147      0.0355997413256334      0.9999999999998143      1.0000000000004836      0.1844594868999406      0.0445280107958603      0.0165789125668079      0.0004218882736214     
0.0158489319246112      0.0448119754477540      0.0448119754481678      0.9999999999998269      1.0000000000004214      0.1894194911220213      0.0664876699740166      0.0249508510887528      0.0006679660528217     
0.0199526231496888      0.0564049678816939      0.0564049678825402      0.9999999999999916      0.9999999999999789      0.1958899800855624      0.0988425642855830      0.0374532679821223      0.0010569734835199     
0.0251188643150958      0.0709925095784939      0.0709925095795152      0.9999999999999647      1.0000000000000373      0.2044160324667124      0.1461643681581098      0.0560674503054607      0.0016710874163032     
0.0316227766016839      0.0893483739301458      0.0893483739292971      1.0000000000000875      0.9999999999998447      0.2157984139921345      0.2147256761932786      0.0837015387790028      0.0026386480306839     
0.0398107170553498      0.1124555403004464      0.1124555402979714      1.0000000000001052      0.9999999999998667      0.2312547094128436      0.3128289582878754      0.1246338677634516      0.0041589301816813     
0.0501187233627274      0.1415858173757359      0.1415858173765067      1.0000000000001001      0.9999999999999314      0.2527063364672119      0.4508500135706004      0.1852107364735704      0.0065394947744247     
0.0630957344480195      0.1784394973778782      0.1784394973803103      1.0000000000004206      0.999999999999881       0.2832827425989184      0.6404567626981331      0.2749633289206928      0.0102528081404375     
0.0794328234724284      0.2253558442082054      0.2253558442087562      1.0000000000003593      1.000000000000086       0.3280902883094740      0.8916801887344190      0.4081025017734197      0.0160193693305558     
0.1000000000000003      0.2853154030264487      0.2853154030247035      0.9999999999992416      1.000000000000252       0.3946758434695355      1.2044298508245432      0.6032702141899676      0.0248853132263244     
0.1258925411794171      0.3602248674226183      0.3602248674193384      0.9999999999973794      1.0000000000009994      0.4899043265048915      1.5490863698312201      0.8713906706990410      0.0380025916413538     
0.1584893192461118      0.4451129804568860      0.4451129804543698      0.9999999999995         1.0000000000000595      0.6072853466912714      1.8511766949043316      1.1794795586348317      0.0553012667628135     
0.1995262314968885      0.5253699632760348      0.5253699632776271      0.9999999999995592      0.9999999999992446      0.7187956474311187      2.0461173779196922      1.4463648374054927      0.0739039718945606     
0.2511886431509587      0.5898519229257660      0.5898519229274551      0.9999999999989895      1.0000000000003726      0.8018302347507253      2.1521184782391685      1.6303918970949614      0.0904065832119327     
0.3162277660168387      0.6391208035280981      0.6391208035282880      1.0000000000000746      1.0000000000003233      0.8576422018604933      2.2156404192796182      1.7521962841779315      0.1038381752040292     
0.3981071705534983      0.6779900780185378      0.6779900780181239      0.9999999999993102      1.0000000000011702      0.8956775804776868      2.2587815794264428      1.8396978606274947      0.1146872227964829     
0.5011872336272735      0.7101595078601611      0.7101595078603327      1.0000000000001998      0.9999999999998245      0.9228155744158202      2.2882044862537483      1.9084349057239773      0.1235597509994861     
0.6309573444801948      0.7377357856814264      0.7377357856814211      1.0000000000004765      0.9999999999995368      0.9428618891030642      2.3070030023833565      1.9656890385129433      0.1308879888619997     
0.7943282347242835      0.7618572295463626      0.7618572295460054      1.0000000000002207      1.000000000000048       0.9579249222387077      2.3178417358966974      2.0149955045090318      0.1369749244582854     
1.0000000000000024      0.7831618641893190      0.7831618641890918      1.000000000000242       0.9999999999999233      0.9692910020772394      2.3231538526258735      2.0582410727191847      0.1420479067444724     
1.2589254117941704      0.8020341014993841      0.8020341014999108      1.0000000000004294      0.9999999999996507      0.9778339198558870      2.3249777751281964      2.0965250208100596      0.1462853752463706     
1.5848931924611174      0.8187266594202299      0.8187266594202410      1.0000000000002214      0.999999999999776       0.9841973919417950      2.3248861074186538      2.1305288464074605      0.1498296466602307     
1.9952623149688846      0.8334233788797030      0.8334233788801775      0.9999999999998643      1.0000000000001092      0.9888797879814074      2.3239956862184163      2.1606973366014528      0.1527948519430474     
2.5118864315095868      0.8462746407389787      0.8462746407402869      0.9999999999990723      1.0000000000009082      0.9922765667492528      2.3230212132603323      2.1873430394067208      0.1552731970090741     
3.1622776601683875      0.8574185719687969      0.8574185719689847      0.999999999999222       1.0000000000007851      0.9947035008613589      2.3223526124787215      2.2107137115461333      0.1573401491351830     
3.9810717055349825      0.8669930947853013      0.8669930947861517      0.9999999999982256      1.0000000000016236      0.9964110009215936      2.3221421023994853      2.2310360398026123      0.1590585277262149     
5.0118723362727353      0.8751410919317839      0.8751410919322899      0.9999999999987286      1.0000000000012306      0.9975945352525617      2.3223881388493051      2.2485407090241631      0.1604815166655804     
6.3095734448019476      0.8820104665094916      0.8820104665102007      0.9999999999988711      1.0000000000010656      0.9984035103822172      2.3230060552147367      2.2634725120251051      0.1616547477802658     
7.9432823472428336      0.8877509787897354      0.8877509787905170      0.9999999999988192      1.0000000000010876      0.9989494920276454      2.3238800349326225      2.2760897099688777      0.1626176773439282     
10.0000000000000249     0.8925096830619481      0.8925096830626118      0.9999999999986975      1.000000000001212       0.9993138554576876      2.3248960774332090      2.2866571143227308      0.1634044845108808     
12.5892541179417066     0.8964264087833218      0.8964264087838667      0.999999999998888       1.0000000000010125      0.9995546505105638      2.3259591321044399      2.2954368075726754      0.1640446859278334     
15.8489319246111826     0.8996301771231157      0.8996301771235771      0.9999999999990685      1.000000000000831       0.9997124611007983      2.3269990355389352      2.3026792923055579      0.1645636071964476     
19.9526231496888578     0.9022369144997630      0.9022369145001589      0.9999999999987167      1.0000000000010278      0.9998151616288006      2.3279697274383757      2.3086166157542345      0.1649827970962525     
25.1188643150958875     0.9043484408914237      0.9043484408917916      0.9999999999987194      1.0000000000009606      0.9998816075202154      2.3288452160353073      2.3134579976275300      0.1653204259908958     
31.6227766016839063     0.9060524994267743      0.9060524994273241      0.9999999999981423      1.0000000000012648      0.9999243901500274      2.3296145697416848      2.3173878251685691      0.1655916801746763     
39.8107170553498761     0.9074235219123516      0.9074235219127854      0.999999999998734       1.000000000000823       0.9999518280391088      2.3302771981268928      2.3205655469955566      0.1658091481181869     
