Ratio                   N_Variance              N_Variance2             N1                      N2                      F                       S_Ent                   S_Ent2                  O_DW                   
0.0050118723362727      0.0013748592917448      0.4714049627387070      1.8902362206089748e-06  1.3333314433318997      0.6666728661138788      0.0001100516615146      0.9183093550785913      0.4444425542140931     
0.0063095734448019      0.0017308507256478      0.4714052211917529      2.995839395071309e-06   1.3333303374765137      0.6666764921238895      0.0001684498149772      0.9183167131446287      0.4444414486201686     
0.0079432823472428      0.0021790234021205      0.4714056310608906      4.748129640628925e-06   1.3333285850620749      0.6666822389522586      0.0002575133394664      0.9183280545049460      0.4444396963551628     
0.0100000000000000      0.0027432538354616      0.4714062811743865      7.525400571374896e-06   1.3333258079423476      0.6666913470383683      0.0003931373292860      0.9183455230553659      0.4444369191602768     
0.0125892541179417      0.0034536190584619      0.4714073124986976      1.1927334144577304e-05  1.3333214059831306      0.6667057822862033      0.0005993227925762      0.9183724104284047      0.4444325174974749     
0.0158489319246112      0.0043480599181894      0.4714089501855420      1.890494815361067e-05   1.3333144283990732      0.6667286601864448      0.0009122298533297      0.9184137767440913      0.4444255410668838     
0.0199526231496888      0.0054746915305870      0.4714115565122646      2.996866056361269e-05   1.3333033646792949      0.6667649169566083      0.0013862349946319      0.9184774376953702      0.4444144835028985     
0.0251188643150958      0.0068957811177913      0.4714157329329901      4.753088297769329e-05   1.3332858024523686      0.6668223668922928      0.0021031087700265      0.9185757012826616      0.4443969567676421     
0.0316227766016839      0.0086980708809538      0.4714225840568534      7.552877223927056e-05   1.3332578045560424      0.6669133384614792      0.0031867644971660      0.9187292651066232      0.4443691745334430     
0.0398107170553498      0.0110320791221994      0.4714347651014245      0.00012091187231608001  1.3332124214569037      0.6670570175736299      0.0048316934401616      0.9189799543912147      0.4443251319276360     
0.0501187233627274      0.0142879403673699      0.4714620675533182      0.0001991547838546794   1.3331341785492103      0.6672815853891613      0.0073812270004873      0.9194464928818114      0.4442553015014820     
0.0630957344480195      0.0198582728014932      0.4715549497297140      0.0003629145947106055   1.3329704187382063      0.6676176472312302      0.0116334758907098      0.9205985587583329      0.4441445544199750     
0.0794328234724284      0.0327318992945455      0.4720128893341142      0.0008732387215558439   1.3324600946117573      0.6680248789141738      0.0202427727475165      0.9246133851798864      0.4439688230647799     
0.1000000000000003      0.0670768980361195      0.4746729564799501      0.003258376532587424    1.3300749568006902      0.6678813351335215      0.0441257173997275      0.9417178366764462      0.4436896269330873     
0.1258925411794171      0.1550329923413190      0.4901368051624855      0.016610657647409353    1.316722675685848       0.6628569857980238      0.1274816330013733      1.0151078337394439      0.4432444803820405     
0.1584893192461118      0.3450709983561697      0.5588822414339057      0.0848514235150656      1.248481909818664       0.6312727178257747      0.3911298264754216      1.2640892964613231      0.4425277472219249     
0.1995262314968885      0.5834132174965398      0.6844085985733542      0.2805773417887029      1.0527559915447662      0.5375718419514127      0.8209348639513120      1.6722617890904972      0.4413569656256573     
0.2511886431509587      0.7002791470921962      0.7414710721249582      0.4872174230838563      0.8461159102493842      0.4451954636851903      1.0676254373980267      1.8874759821463123      0.4394356313431911     
0.3162277660168387      0.7303387648990668      0.7464965339239858      0.5944193327483979      0.73891400058504        0.4199654641342556      1.1727042038463957      1.9472550145893384      0.4362404657725019     
0.3981071705534983      0.7366754833582828      0.7429286815401273      0.6386577427289015      0.694675590604521       0.4396713091081865      1.2707416632994266      1.9804694543063848      0.4307777590100648     
0.5011872336272735      0.7370444485169975      0.7394469052137946      0.6560171088443673      0.6773162244894899      0.4818253116730294      1.4095063530040077      2.0273853381723259      0.4211041023054947     
0.6309573444801948      0.7362463955465998      0.7371729500060960      0.662696696018736       0.6706366373146294      0.5483545248613610      1.6145523006434463      2.1045978344983842      0.4034557477704681     
0.7943282347242835      0.7371417725067609      0.7375124283153378      0.6652108992603685      0.6681224340719698      0.6452514793160412      1.8891892119725089      2.2083549239833014      0.3720009233084187     
1.0000000000000024      0.7406023164137805      0.7407662296703442      0.6661250825008509      0.6672082508323953      0.7600564182203888      2.1650309813298003      2.2823152940298277      0.3241977864482248     
1.2589254117941704      0.7432058099062370      0.7432892487622478      0.6664474123421955      0.6668859209911582      0.8580583317624314      2.3294787667445984      2.2681075262221242      0.2702382214130135     
1.5848931924611174      0.7430281138479706      0.7430758513338804      0.6665648127265528      0.6667685206069285      0.9209677833883836      2.3657808874235235      2.1989262377057601      0.2244625402517232     
1.9952623149688846      0.7417438627971358      0.7417736020347867      0.666612460074776       0.6667208732587404      0.9560968847374609      2.3343997667924765      2.1300727955780991      0.1913876425400140     
2.5118864315095868      0.7407615641890882      0.7407813283001305      0.6666345358738636      0.6666987974595584      0.9751143130667322      2.2833365755072381      2.0810674204092066      0.1687307804583532     
3.1622776601683875      0.7403973775613923      0.7404111648529346      0.66664606253482        0.6666872707993381      0.9855613518504950      2.2333553339906520      2.0507144951303000      0.1532188811422641     
3.9810717055349825      0.7405168096504603      0.7405267731883134      0.6666526911804906      0.6666806421530499      0.9914533095391772      2.1907669136831527      2.0333957887951946      0.1424037289255272     
5.0118723362727353      0.7409190534917841      0.7409264382571942      0.6666567993071018      0.6666765340263694      0.9948612346896128      2.1563501687316853      2.0242831095368050      0.1346948717226140     
6.3095734448019476      0.7414489763422428      0.7414545496427144      0.6666594950631611      0.6666738382701454      0.9968736491623554      2.1291466858103423      2.0200756049052262      0.1290859688711091     
7.9432823472428336      0.7420082034287891      0.7420124646036527      0.6666613426540096      0.6666719906792566      0.9980811893539004      2.1078398546435699      2.0186847687625153      0.1249329180729063     
10.0000000000000249     0.7425415646925011      0.7425448534866492      0.6666626516268361      0.666670681706386       0.9988145864342880      2.0912036765763142      2.0188342062545481      0.1218134392117542     
12.5892541179417066     0.7430221382820412      0.7430246941762150      0.6666636028340919      0.6666697304991738      0.9992640703667741      2.0782179464813613      2.0197612017287359      0.1194431344492373     
15.8489319246111826     0.7434400114014527      0.7434420079144259      0.6666643076767521      0.6666690256565445      0.9995414287799221      2.0680708896366728      2.0210204150043274      0.1176254483009217     
19.9526231496888578     0.7437948251635766      0.7437963907135708      0.6666648378940132      0.6666684954392855      0.9997134536914138      2.0601289595064101      2.0223601131492437      0.1162213295272288     
25.1188643150958875     0.7440911328093422      0.7440923639896477      0.6666652414398696      0.6666680918934254      0.9998205624319647      2.0539016116385449      2.0236453397731431      0.1151303880858417     
31.6227766016839063     0.7443356380769334      0.7443366084471771      0.6666655513875502      0.6666677819457545      0.9998874494427764      2.0490099050648616      2.0248105298707508      0.1142788792390616     
39.8107170553498761     0.7445356259013528      0.7445363920121716      0.6666657911467792      0.6666675421865365      0.9999293136588628      2.0451609556682535      2.0258304199010859      0.1136118374363273     
